,mean,sd,hdi_3%,hdi_97%,mcse_mean,mcse_sd,ess_bulk,ess_tail,r_hat
betas[0],0.077,0.001,0.076,0.079,0.0,0.0,27445.34,8937.917,1.001
betas[1],0.016,0.002,0.013,0.019,0.0,0.0,28481.894,8074.947,1.001
betas[2],0.023,0.002,0.019,0.027,0.0,0.0,27846.298,8828.714,1.0
betas[3],0.054,0.002,0.05,0.058,0.0,0.0,31718.531,9529.062,1.0
betas[4],-0.028,0.003,-0.033,-0.023,0.0,0.0,26000.555,9123.418,1.0
betas[5],0.017,0.003,0.011,0.022,0.0,0.0,29703.517,9125.775,1.001
betas[6],-0.013,0.003,-0.019,-0.008,0.0,0.0,26971.246,7898.229,1.001
betas[7],0.083,0.003,0.077,0.089,0.0,0.0,27207.221,9012.38,1.0
betas[8],0.028,0.003,0.022,0.034,0.0,0.0,27039.381,8436.277,1.0
betas[9],0.004,0.003,-0.003,0.01,0.0,0.0,29807.389,9113.125,1.0
betas[10],0.031,0.004,0.025,0.038,0.0,0.0,26196.23,8348.309,1.0
betas[11],0.03,0.003,0.024,0.036,0.0,0.0,24044.772,9498.24,1.0
betas[12],0.009,0.003,0.003,0.016,0.0,0.0,29077.684,9193.127,1.0
betas[13],-0.022,0.004,-0.03,-0.016,0.0,0.0,28314.786,9330.142,1.001
betas[14],0.002,0.004,-0.005,0.009,0.0,0.0,27043.562,8469.481,1.001
betas[15],0.077,0.004,0.07,0.085,0.0,0.0,26469.708,9690.566,1.0
betas[16],0.021,0.004,0.013,0.03,0.0,0.0,26972.669,9084.405,1.0
betas[17],0.042,0.005,0.033,0.051,0.0,0.0,29773.402,9298.686,1.0
betas[18],-0.02,0.005,-0.03,-0.011,0.0,0.0,28960.832,8698.511,1.0
betas[19],-0.029,0.005,-0.039,-0.019,0.0,0.0,27273.96,8429.199,1.0
betas[20],-0.076,0.005,-0.086,-0.066,0.0,0.0,26485.223,9016.719,1.0
betas[21],0.042,0.005,0.032,0.053,0.0,0.0,30519.192,8197.687,1.0
betas[22],-0.002,0.005,-0.012,0.008,0.0,0.0,26979.393,8536.845,1.0
betas[23],0.027,0.006,0.016,0.037,0.0,0.0,27403.201,9469.35,1.0
betas[24],-0.028,0.006,-0.039,-0.017,0.0,0.0,28718.075,9068.88,1.0
betas[25],-0.112,0.006,-0.123,-0.1,0.0,0.0,28792.979,9573.856,1.0
betas[26],0.025,0.006,0.013,0.037,0.0,0.0,28790.717,9061.514,1.0
betas[27],-0.012,0.007,-0.024,0.0,0.0,0.0,30806.439,8292.448,1.0
betas[28],0.02,0.007,0.008,0.034,0.0,0.0,28085.975,8758.801,1.001
betas[29],0.031,0.007,0.018,0.043,0.0,0.0,25938.572,8364.255,1.0
betas[30],0.052,0.007,0.04,0.065,0.0,0.0,29408.645,9243.141,1.001
betas[31],0.007,0.007,-0.007,0.02,0.0,0.0,28320.446,9110.496,1.0
betas[32],0.027,0.007,0.014,0.039,0.0,0.0,27425.297,8760.245,1.001
betas[33],-0.025,0.007,-0.038,-0.011,0.0,0.0,29553.431,8805.42,1.001
betas[34],-0.029,0.008,-0.043,-0.015,0.0,0.0,31455.788,8541.907,1.001
betas[35],-0.039,0.007,-0.053,-0.025,0.0,0.0,27745.083,8835.929,1.0
betas[36],-0.007,0.008,-0.022,0.007,0.0,0.0,25760.24,9889.486,1.0
betas[37],-0.011,0.008,-0.026,0.004,0.0,0.0,28018.241,8421.273,1.0
betas[38],-0.091,0.008,-0.105,-0.076,0.0,0.0,28280.375,8481.096,1.0
betas[39],-0.025,0.008,-0.04,-0.009,0.0,0.0,30208.959,8804.783,1.0
betas[40],-0.017,0.009,-0.034,-0.0,0.0,0.0,25524.37,10369.093,1.0
